Matrix M with boundary:
[[ 5. -1.  0. -1.  0.  0.  0.  0.  0.  0.  0.  0.  0.  0.  0.  0.  0.  0. -1.  1.  0.  0.  0.  0.  0.  0.  0.]
 [-1.  5. -1.  0. -1.  0.  0.  0.  0.  0.  0.  0.  0.  0.  0.  0.  0.  0.  0. -1.  1.  0.  0.  0.  0.  0.  0.]
 [ 0. -1.  0.  0.  0. -1.  0.  0.  0.  0.  0.  0.  0.  0.  0.  0.  0.  0.  0.  0.  0.  0.  0.  0.  0.  0.  0.]
 [-1.  0.  0.  5. -1.  0. -1.  0.  0.  0.  0.  0.  0.  0.  0.  0.  0.  0.  0.  0.  0. -1.  1.  0.  0.  0.  0.]
 [ 0. -1.  0. -1.  4. -1.  0. -1.  0.  0.  0.  0.  0.  0.  0.  0.  0.  0.  0.  0.  0.  0. -1.  1.  0.  0.  0.]
 [ 0.  0. -1.  0. -1.  0.  0.  0. -1.  0.  0.  0.  0.  0.  0.  0.  0.  0.  0.  0.  0.  0.  0.  0.  0.  0.  0.]
 [ 0.  0.  0. -1.  0.  0.  5. -1.  0.  0.  0.  0.  0.  0.  0.  0.  0.  0.  0.  0.  0.  0.  0.  0. -1.  1.  0.]
 [ 0.  0.  0.  0. -1.  0. -1.  5. -1.  0.  0.  0.  0.  0.  0.  0.  0.  0.  0.  0.  0.  0.  0.  0.  0. -1.  1.]
 [ 0.  0.  0.  0.  0. -1.  0. -1.  0.  0.  0.  0.  0.  0.  0.  0.  0.  0.  0.  0.  0.  0.  0.  0.  0.  0.  0.]
 [ 0.  0.  0.  0.  0.  0.  0.  0.  0.  5. -1.  0. -1.  0.  0.  0.  0.  0. -1.  0.  0.  1.  0.  0.  0.  0.  0.]
 [ 0.  0.  0.  0.  0.  0.  0.  0.  0. -1.  4. -1.  0. -1.  0.  0.  0.  0.  0. -1.  0.  0.  1.  0.  0.  0.  0.]
 [ 0.  0.  0.  0.  0.  0.  0.  0.  0.  0. -1.  5.  0.  0. -1.  0.  0.  0.  0.  0. -1.  0.  0.  1.  0.  0.  0.]
 [ 0.  0.  0.  0.  0.  0.  0.  0.  0. -1.  0.  0.  5. -1.  0.  0.  0.  0.  0.  0.  0. -1.  0.  0.  1.  0.  0.]
 [ 0.  0.  0.  0.  0.  0.  0.  0.  0.  0. -1.  0. -1.  4. -1.  0.  0.  0.  0.  0.  0.  0. -1.  0.  0.  1.  0.]
 [ 0.  0.  0.  0.  0.  0.  0.  0.  0.  0.  0. -1.  0. -1.  5.  0.  0.  0.  0.  0.  0.  0.  0. -1.  0.  0.  1.]
 [ 0.  0.  0.  0.  0.  0.  0.  0.  0.  0.  0.  0. -1.  0.  0.  0.  0.  0.  0.  0.  0.  0.  0.  0.  0.  0.  0.]
 [ 0.  0.  0.  0.  0.  0.  0.  0.  0.  0.  0.  0.  0. -1.  0.  0.  0.  0.  0.  0.  0.  0.  0.  0.  0.  0.  0.]
 [ 0.  0.  0.  0.  0.  0.  0.  0.  0.  0.  0.  0.  0.  0. -1.  0.  0.  0.  0.  0.  0.  0.  0.  0.  0.  0.  0.]
 [-1.  1.  0.  0.  0.  0.  0.  0.  0. -1.  0.  0.  1.  0.  0.  0.  0.  0.  0.  0.  0.  0.  0.  0.  0.  0.  0.]
 [ 0. -1.  0.  0.  0.  0.  0.  0.  0.  0. -1.  0.  0.  1.  0.  0.  0.  0.  0.  0.  0.  0.  0.  0.  0.  0.  0.]
 [ 0.  0.  0.  0.  0.  0.  0.  0.  0.  0.  0. -1.  0.  0.  1.  0.  0.  0.  0.  0.  0.  0.  0.  0.  0.  0.  0.]
 [ 0.  0.  0. -1.  1.  0.  0.  0.  0.  0.  0.  0. -1.  0.  0.  0.  0.  0.  0.  0.  0.  0.  0.  0.  0.  0.  0.]
 [ 0.  0.  0.  0. -1.  0.  0.  0.  0.  0.  0.  0.  0. -1.  0.  0.  0.  0.  0.  0.  0.  0.  0.  0.  0.  0.  0.]
 [ 0.  0.  0.  0.  0.  0.  0.  0.  0.  0.  0.  0.  0.  0. -1.  0.  0.  0.  0.  0.  0.  0.  0.  0.  0.  0.  0.]
 [ 0.  0.  0.  0.  0.  0. -1.  1.  0.  0.  0.  0.  0.  0.  0.  0.  0.  0.  0.  0.  0.  0.  0.  0.  0.  0.  0.]
 [ 0.  0.  0.  0.  0.  0.  0. -1.  0.  0.  0.  0.  0.  0.  0.  0.  0.  0.  0.  0.  0.  0.  0.  0.  0.  0.  0.]
 [ 0.  0.  0.  0.  0.  0.  0.  0.  0.  0.  0.  0.  0.  0.  0.  0.  0.  0.  0.  0.  0.  0.  0.  0.  0.  0.  0.]]

Vector Rhs:
[ 0.  0.  0.  0.  0.  0.  2.  2.  0.  0.  0.  0.  0.  0.  0.  0.  0.  0.  0.  0.  0.  0.  0.  0.  0.  0.  0.]
